%% Results from process_info.pl
p = '/home/imaging/saliency/STIMautobahn/DBtraining';
data = [ ...
26.562500 28.515625 14.583333 18.359375 25.000000 6.380208 8.072916 10.677084 19.791668 19.791668 NaN NaN NaN NaN NaN NaN NaN NaN NaN ;
15.885417 29.036459 22.135418 23.567707 23.958332 5.598958 6.380208 2.864583 3.515625 15.885417 11.588541 NaN NaN NaN NaN NaN NaN NaN NaN ;
8.723959 19.921875 11.197916 22.526043 12.890625 16.536457 15.234375 12.369791 NaN NaN NaN NaN NaN NaN NaN NaN NaN NaN NaN ;
14.453125 16.666668 14.843750 12.109375 4.036458 11.588541 15.885417 10.416666 8.203125 4.036458 11.718750 NaN NaN NaN NaN NaN NaN NaN NaN ;
27.083334 33.203125 14.192708 26.171875 25.260416 20.312500 18.098957 10.546875 27.083334 2.734375 NaN NaN NaN NaN NaN NaN NaN NaN NaN ;
3.255208 17.968750 4.557292 20.052082 0.130208 15.885417 0.130208 0.130208 21.875000 26.041666 15.755208 NaN NaN NaN NaN NaN NaN NaN NaN ;
13.281250 20.442707 24.739582 12.239584 19.401043 17.578125 19.921875 26.432291 17.838543 26.953125 NaN NaN NaN NaN NaN NaN NaN NaN NaN ;
5.989583 17.838543 10.416666 14.843750 19.531250 20.052082 10.546875 15.364583 8.984375 10.156250 8.333334 NaN NaN NaN NaN NaN NaN NaN NaN ;
11.718750 16.145832 16.796875 0.130208 8.333334 14.322917 12.239584 19.531250 17.447918 4.427083 16.145832 NaN NaN NaN NaN NaN NaN NaN NaN ;
31.119791 11.588541 0.130208 8.072916 15.885417 12.369791 15.234375 10.416666 9.635416 11.718750 6.770833 31.119791 11.588541 9.375000 0.130208 NaN NaN NaN NaN ;
11.588541 7.161458 10.026041 8.203125 14.843750 9.895834 12.109375 20.052082 NaN NaN NaN NaN NaN NaN NaN NaN NaN NaN NaN ;
16.536457 3.255208 6.250000 11.067709 5.078125 9.505209 22.916668 6.250000 4.817708 8.984375 12.760417 16.536457 10.286459 4.947917 NaN NaN NaN NaN NaN ;
18.619793 2.994792 5.338542 5.078125 10.937500 10.937500 5.078125 4.427083 15.755208 18.098957 7.812500 17.317707 8.333334 4.817708 NaN NaN NaN NaN NaN ;
28.385416 11.458334 0.130208 4.557292 19.921875 7.161458 2.083333 10.286459 9.505209 2.604167 26.953125 7.291667 7.682292 11.458334 9.635416 NaN NaN NaN NaN ;
18.750000 5.989583 8.593750 5.208333 4.166667 0.130208 8.463541 14.192708 11.979166 5.468750 18.750000 6.510417 NaN NaN NaN NaN NaN NaN NaN ;
22.916668 28.645834 23.697918 18.619793 13.281250 14.973958 14.453125 2.083333 4.557292 17.317707 7.291667 22.916668 11.197916 NaN NaN NaN NaN NaN NaN ;
22.656250 14.062500 13.020833 16.276043 14.062500 10.937500 8.723959 11.979166 15.755208 22.656250 15.104167 13.541667 12.500000 NaN NaN NaN NaN NaN NaN ;
22.135418 35.677086 17.968750 4.557292 13.541667 11.848959 12.500000 12.630208 12.500000 26.302084 10.546875 22.135418 5.729167 8.854166 35.677086 NaN NaN NaN NaN ;
44.270836 36.067711 12.500000 13.281250 25.260416 14.062500 6.380208 11.588541 7.682292 48.958336 34.244789 24.218750 11.458334 NaN NaN NaN NaN NaN NaN ;
18.229168 15.494792 15.364583 5.989583 1.171875 15.234375 0.130208 12.500000 30.859375 17.838543 17.187500 5.208333 14.453125 15.625000 9.505209 NaN NaN NaN NaN ;
16.796875 39.973961 0.130208 29.687500 12.239584 13.411458 4.817708 17.187500 35.156250 18.880207 17.838543 12.630208 0.130208 NaN NaN NaN NaN NaN NaN ;
12.239584 23.567707 3.385417 9.765625 7.682292 14.843750 18.229168 8.203125 NaN NaN NaN NaN NaN NaN NaN NaN NaN NaN NaN ;
23.307293 25.651041 15.364583 25.390625 18.229168 19.401043 16.666668 13.671875 21.354168 36.588539 23.307293 22.656250 12.760417 25.651041 NaN NaN NaN NaN NaN ;
22.786457 11.588541 16.145832 11.718750 19.531250 11.848959 14.453125 27.734375 19.401043 22.786457 26.562500 25.390625 30.208334 14.322917 NaN NaN NaN NaN NaN ;
26.302084 22.395832 7.552083 14.062500 11.979166 17.838543 22.656250 16.666668 13.541667 21.614582 7.421875 8.984375 20.182293 NaN NaN NaN NaN NaN NaN ;
26.562500 11.067709 9.244791 11.197916 3.906250 10.937500 8.854166 6.250000 5.078125 3.906250 26.562500 2.994792 NaN NaN NaN NaN NaN NaN NaN ;
20.442707 13.932292 25.390625 8.593750 7.552083 13.151042 14.453125 14.713542 14.453125 6.640625 7.161458 14.973958 NaN NaN NaN NaN NaN NaN NaN ;
8.203125 24.739582 13.151042 14.062500 14.453125 15.494792 8.723959 15.234375 9.505209 12.500000 6.640625 12.500000 13.932292 16.276043 12.239584 24.739582 NaN NaN NaN ;
8.593750 8.463541 8.463541 18.880207 11.067709 11.328125 13.541667 10.546875 13.020833 14.583333 9.635416 12.890625 23.958332 11.067709 NaN NaN NaN NaN NaN ;
57.812500 17.317707 13.151042 12.109375 11.588541 2.083333 16.927082 13.932292 16.927082 10.807291 12.369791 5.078125 11.588541 NaN NaN NaN NaN NaN NaN ;
26.171875 11.848959 7.031250 10.807291 26.302084 19.531250 16.015625 17.708332 10.026041 14.973958 43.880211 0.130208 12.890625 25.911459 NaN NaN NaN NaN NaN ;
46.875000 13.411458 10.677084 16.536457 16.927082 14.453125 7.031250 4.036458 8.072916 8.854166 NaN NaN NaN NaN NaN NaN NaN NaN NaN ;
32.552086 13.281250 20.572918 20.833332 7.812500 16.796875 12.500000 15.755208 NaN NaN NaN NaN NaN NaN NaN NaN NaN NaN NaN ;
38.932289 14.062500 8.333334 9.635416 11.848959 11.067709 4.817708 20.182293 18.229168 7.421875 12.630208 28.906250 22.526043 NaN NaN NaN NaN NaN NaN ;
33.203125 7.552083 11.067709 10.286459 11.197916 15.755208 13.671875 9.895834 38.151039 NaN NaN NaN NaN NaN NaN NaN NaN NaN NaN ;
2.473958 10.677084 14.192708 5.078125 19.010418 24.609375 19.140625 11.197916 7.682292 15.104167 16.536457 12.109375 NaN NaN NaN NaN NaN NaN NaN ;
36.328125 12.760417 5.598958 0.130208 7.812500 16.145832 4.427083 9.114584 8.072916 40.625000 20.572918 19.140625 17.578125 NaN NaN NaN NaN NaN NaN ;
29.296875 3.125000 7.812500 12.109375 9.765625 11.588541 6.901042 4.817708 29.296875 11.848959 26.692709 NaN NaN NaN NaN NaN NaN NaN NaN ;
18.359375 8.072916 13.932292 8.984375 5.468750 16.927082 19.401043 7.812500 NaN NaN NaN NaN NaN NaN NaN NaN NaN NaN NaN ;
46.484375 2.864583 0.130208 8.984375 5.338542 0.911458 13.020833 6.770833 7.031250 6.119792 3.385417 5.208333 0.130208 NaN NaN NaN NaN NaN NaN ;
16.536457 0.130208 7.421875 11.979166 11.718750 10.026041 11.718750 9.244791 11.328125 11.848959 14.062500 9.765625 15.625000 NaN NaN NaN NaN NaN NaN ;
10.416666 0.130208 28.125000 8.463541 39.192711 7.291667 11.067709 11.588541 15.494792 9.114584 10.286459 11.458334 NaN NaN NaN NaN NaN NaN NaN ;
20.182293 12.500000 14.713542 18.489582 12.890625 7.291667 11.197916 11.458334 20.182293 6.250000 19.661457 12.760417 NaN NaN NaN NaN NaN NaN NaN ;
14.713542 18.880207 8.593750 14.713542 8.072916 12.239584 6.380208 14.322917 11.588541 15.494792 9.895834 18.359375 NaN NaN NaN NaN NaN NaN NaN ;
5.468750 11.328125 7.682292 7.031250 6.250000 7.552083 7.552083 10.807291 7.421875 6.640625 NaN NaN NaN NaN NaN NaN NaN NaN NaN ;
];
avg_info = [ 10.928684 10.804579 9.281243 10.839166 8.220249 10.687764 9.740871 8.085802 7.320150 9.704590 8.682590 7.282172 8.137342 7.478841 6.836277 11.640930 9.308539 8.555433 12.270101 7.000902 14.513652 10.750665 16.498650 16.732449 10.417853 6.993612 10.544163 8.953857 9.401788 9.000651 11.338298 11.814541 13.353136 10.313246 9.324138 9.394667 9.531657 7.826911 11.218431 7.984755 8.363851 9.296502 7.293362 7.013448 7.263353 ];
min_info = [ 0.130208 0.130208 0.130208 0.130208 0.130208 0.130208 0.130208 0.130208 0.130208 0.130208 0.130208 0.130208 0.130208 0.130208 0.130208 0.130208 0.130208 0.130208 0.130208 0.130208 0.130208 0.130208 1.562500 1.692708 1.041667 1.171875 0.130208 0.130208 1.041667 0.130208 0.130208 0.520833 1.041667 1.171875 1.302083 0.130208 0.651042 0.130208 0.130208 0.130208 0.130208 0.130208 1.302083 1.171875 0.130208 ];
max_info = [ 33.593750 36.718750 33.854164 36.328125 37.239586 37.500000 34.375000 27.343750 24.739582 33.203125 26.822916 26.953125 25.651041 32.421875 23.437500 31.250000 29.687500 33.463539 48.046875 36.458336 49.609375 36.197914 43.359375 37.239586 33.854164 29.817709 39.453125 29.296875 28.906250 54.817707 46.875000 64.062500 59.375000 47.526039 45.963539 58.854168 53.125000 33.072914 38.671875 55.598957 23.697918 31.640625 23.828125 25.390625 37.369789 ];
